AM	AM2M	IM	IM2M	SC	SC2M	SI
1620274.21255	1620311.83864	856111.808093	678253.459164	791945.422425	807136.876771	1620270.37641
1084828.1892	1620270.72941	856083.332209	676897.470467	792029.362434	444565.356783	1620281.11171
856103.770367	704175.322068	856091.999867	680436.036308	791942.351865	442215.647044	1620272.32846
1620273.97803	1620311.38223	856601.655291	691482.049893	791941.834797	776233.434638	1620270.07379
1620272.25022	1620273.52512	856079.241039	689326.025253	791948.923145	443814.956132	1620271.58565
1620274.29573	1620303.18868	856577.867214	866047.068941	792230.068351	800527.387452	1620271.10794
856113.634718	1620273.43764	1262501.15661	866987.396464	791933.781295	804669.72777	1620270.68613
856081.912542	1620270.91094	856122.06298	677882.858686	791989.266009	815619.829355	1620274.51033
1620273.09124	1620274.03477	856095.306618	762714.834686	856127.366532	461560.685452	1620269.87252
856585.874627	1620287.09001	856079.341765	796831.765751	858091.233927	650360.170604	1620272.22626
857359.080768	795960.902445	856079.27985	675785.999429	791933.875241	802439.147129	1620269.49185
1620271.83276	699701.050493	856148.015428	683950.406096	791940.406647	648776.963726	1620271.67802
856084.442002	866593.275874	856104.696936	695575.819344	791933.756632	447233.43528	1620277.60268
1621252.60344	795739.104577	856082.726882	675344.31008	791941.291917	808401.06243	1620271.61132
1620274.20435	708396.318537	1261682.09131	760671.060532	791953.805173	448333.556927	1620271.62015
856082.012256	1620270.96072	856108.612965	675488.163918	791934.377475	648760.197434	1620274.01282
1523170.79178	796236.730827	856405.162332	856672.172754	791939.965167	649352.813621	1620273.21433
856149.576386	795994.022971	1367423.39433	680429.141528	791937.082014	648565.003195	1620273.51892
1620273.06628	1621200.22995	1261710.62279	827997.108529	1136030.02823	449151.131033	1620270.65141
856074.911773	1620269.38764	856158.677508	676362.778236	791935.409529	650367.663279	1620270.96448
